monoids12 := [
[ [ 1, 1, 1, 1, 1, 6, 6, 6, 6, 10, 10, 10 ], 
  [ 1, 1, 1, 2, 2, 6, 6, 6, 7, 10, 10, 10 ], 
  [ 1, 2, 3, 2, 3, 6, 7, 6, 7, 10, 10, 12 ], 
  [ 1, 1, 1, 4, 4, 6, 6, 8, 9, 10, 11, 10 ], 
  [ 1, 2, 3, 4, 5, 6, 7, 8, 9, 10, 11, 12 ], 
  [ 6, 6, 6, 6, 6, 10, 10, 10, 10, 1, 1, 1 ], 
  [ 6, 6, 7, 6, 7, 10, 10, 10, 10, 1, 1, 2 ], 
  [ 6, 6, 6, 8, 8, 10, 10, 10, 11, 1, 1, 1 ], 
  [ 6, 8, 9, 8, 9, 10, 11, 10, 11, 1, 1, 4 ], 
  [ 10, 10, 10, 10, 10, 1, 1, 1, 1, 6, 6, 6 ], 
  [ 10, 10, 11, 10, 11, 1, 1, 1, 1, 6, 6, 8 ], 
  [ 10, 10, 10, 12, 12, 1, 1, 2, 3, 6, 7, 6 ] ],
];
