monoids12 := [
[ [ 1, 1, 1, 1, 1, 1, 7, 7, 7, 7, 7, 12 ], 
  [ 1, 1, 1, 1, 2, 2, 7, 7, 7, 7, 8, 12 ], 
  [ 1, 1, 1, 1, 3, 3, 7, 7, 7, 7, 9, 12 ], 
  [ 1, 1, 2, 2, 4, 4, 7, 7, 8, 8, 10, 12 ], 
  [ 1, 1, 3, 3, 5, 5, 7, 7, 9, 9, 11, 12 ], 
  [ 1, 2, 3, 4, 5, 6, 7, 8, 9, 10, 11, 12 ], 
  [ 1, 1, 1, 1, 7, 7, 7, 7, 7, 7, 12, 12 ], 
  [ 1, 1, 1, 2, 7, 8, 7, 7, 7, 8, 12, 12 ], 
  [ 1, 1, 1, 3, 7, 9, 7, 7, 7, 9, 12, 12 ], 
  [ 1, 2, 1, 4, 7, 10, 7, 8, 7, 10, 12, 12 ], 
  [ 1, 3, 1, 5, 7, 11, 7, 9, 7, 11, 12, 12 ], 
  [ 1, 1, 1, 7, 7, 12, 7, 7, 7, 12, 12, 12 ] ],
[ [ 1, 1, 1, 1, 1, 1, 1, 1, 1, 1, 1, 1 ], 
  [ 1, 1, 1, 1, 1, 1, 1, 1, 1, 2, 2, 3 ], 
  [ 1, 1, 1, 1, 1, 1, 1, 2, 3, 1, 3, 1 ], 
  [ 4, 4, 4, 4, 4, 4, 4, 4, 4, 4, 4, 4 ], 
  [ 4, 4, 4, 4, 4, 4, 4, 4, 4, 5, 5, 6 ], 
  [ 4, 4, 4, 4, 4, 4, 4, 5, 6, 4, 6, 4 ], 
  [ 7, 7, 7, 7, 7, 7, 7, 7, 7, 7, 7, 7 ], 
  [ 1, 1, 1, 1, 2, 3, 4, 2, 3, 8, 8, 9 ], 
  [ 1, 2, 3, 4, 4, 4, 4, 8, 9, 4, 9, 4 ], 
  [ 4, 4, 4, 4, 5, 6, 7, 5, 6, 10, 10, 12 ], 
  [ 1, 2, 3, 4, 5, 6, 7, 8, 9, 10, 11, 12 ], 
  [ 4, 5, 6, 7, 7, 7, 7, 10, 12, 7, 12, 7 ] ],
];
