monoids12 := [
[ [ 1, 1, 1, 1, 1, 6, 7, 7, 7, 6, 6, 6 ], 
  [ 1, 1, 1, 2, 2, 6, 7, 7, 7, 6, 6, 10 ], 
  [ 1, 2, 3, 2, 3, 6, 7, 7, 9, 10, 6, 10 ], 
  [ 1, 1, 1, 4, 4, 6, 7, 8, 7, 6, 11, 12 ], 
  [ 1, 2, 3, 4, 5, 6, 7, 8, 9, 10, 11, 12 ], 
  [ 6, 6, 6, 6, 6, 7, 1, 1, 1, 7, 7, 7 ], 
  [ 7, 7, 7, 7, 7, 1, 6, 6, 6, 1, 1, 1 ], 
  [ 7, 7, 8, 7, 8, 1, 6, 6, 11, 1, 1, 1 ], 
  [ 7, 7, 7, 9, 9, 1, 6, 10, 6, 1, 2, 3 ], 
  [ 6, 6, 10, 6, 10, 7, 1, 1, 2, 7, 7, 7 ], 
  [ 6, 6, 6, 11, 11, 7, 1, 1, 1, 7, 7, 8 ], 
  [ 6, 11, 12, 11, 12, 7, 1, 1, 4, 8, 7, 8 ] ],
];
